2810 7981
2 1
14 13
17 11
27 15
29 27
33 30
37 31
38 34
41 34
42 34
42 36
47 33
47 37
49 31
49 45
50 27
50 31
50 45
50 47
54 25
54 33
54 42
54 44
54 45
55 48
57 27
57 31
57 37
57 47
57 49
57 53
58 27
58 45
59 33
59 36
59 50
60 37
60 45
60 49
60 50
60 57
61 52
62 33
63 47
64 49
64 50
65 47
67 27
67 32
67 47
68 47
68 63
72 48
72 55
74 54
77 59
78 47
82 27
82 33
82 36
82 41
82 42
82 44
82 54
82 59
82 64
82 80
83 39
83 70
84 33
84 34
84 36
84 45
84 46
84 47
84 55
84 58
84 60
84 63
84 64
84 65
84 66
84 71
84 78
84 83
86 25
86 33
86 53
86 54
86 66
86 78
86 82
86 84
87 48
87 55
87 63
87 66
87 72
88 34
88 66
89 47
89 59
90 28
90 35
90 51
91 47
92 64
92 84
93 17
93 64
93 92
94 31
94 33
94 45
94 47
94 50
94 60
94 64
94 65
94 84
94 91
95 59
95 77
96 66
96 89
97 84
100 29
100 33
100 82
100 86
101 47
101 70
101 93
102 33
102 62
102 69
102 70
102 93
102 101
103 25
103 33
103 34
103 37
103 50
103 53
103 54
103 57
103 86
104 48
104 72
105 55
105 87
106 33
106 84
106 86
107 32
107 33
107 53
107 55
107 84
107 86
108 33
108 48
108 55
108 87
108 107
109 29
109 33
109 48
109 72
109 86
109 87
109 93
109 107
109 108
110 33
110 85
111 30
111 33
113 66
113 92
114 86
114 88
114 113
115 33
115 86
115 106
116 87
117 47
117 65
117 84
118 61
119 35
119 41
119 51
119 54
119 81
119 96
119 103
120 43
120 86
121 31
121 57
121 60
121 103
122 31
122 49
122 57
122 58
122 60
123 31
123 37
123 45
123 47
123 49
123 50
123 57
123 58
123 60
123 64
123 102
123 103
123 121
123 122
124 33
124 84
124 87
124 103
124 107
124 117
126 59
127 36
127 82
128 103
129 90
129 119
130 33
130 47
130 63
131 39
132 31
132 37
132 45
132 49
132 50
132 57
132 58
132 84
132 94
132 103
132 121
132 122
132 123
133 47
133 63
133 87
133 130
134 84
134 106
134 113
135 33
135 47
135 123
136 25
136 33
136 87
136 109
136 131
137 34
137 103
139 30
140 41
140 53
140 63
140 84
140 88
140 119
141 35
141 87
141 109
142 95
143 27
143 45
143 89
143 110
143 111
145 82
146 61
146 118
147 35
147 51
147 90
147 119
148 42
148 54
148 82
148 102
148 122
148 124
149 26
149 100
150 59
150 95
151 33
151 111
152 47
153 103
153 120
155 79
155 154
157 42
157 54
157 82
158 50
158 58
159 53
159 54
159 100
159 103
160 73
161 103
162 37
162 47
162 49
162 57
162 58
162 103
162 121
162 122
162 123
163 82
165 25
167 87
167 103
167 117
168 31
168 60
168 88
168 121
168 123
168 132
169 47
169 49
169 50
169 57
169 58
169 84
169 122
169 123
169 132
169 134
170 86
171 33
171 54
171 59
171 65
171 82
171 86
171 103
171 106
171 120
172 33
172 97
172 160
173 62
173 110
174 42
174 45
174 47
174 49
174 53
174 82
174 140
175 104
176 84
177 75
178 72
178 82
178 84
178 120
180 57
180 96
181 100
182 45
182 49
183 34
183 54
183 82
183 119
183 140
184 47
184 50
184 102
184 140
185 95
188 31
188 45
188 47
188 49
188 57
188 58
188 60
188 65
188 84
188 94
188 123
188 132
188 162
188 169
189 25
189 32
189 33
189 36
189 45
189 47
189 48
189 50
189 65
189 66
189 78
189 81
189 82
189 84
189 86
189 88
189 89
189 94
189 97
189 102
189 103
189 107
189 113
189 114
189 115
189 116
189 117
189 118
189 121
189 123
189 124
189 128
189 135
189 140
189 142
189 145
189 146
189 150
189 155
189 165
189 166
189 171
189 174
189 188
190 33
190 36
190 66
190 75
190 82
190 89
190 121
190 129
190 142
190 168
190 174
190 181
190 185
191 50
191 52
191 59
191 96
191 102
191 113
191 149
191 189
191 190
193 83
194 54
194 82
194 178
195 50
195 52
195 59
195 96
195 102
195 113
195 149
195 189
195 190
198 109
199 84
200 34
200 54
200 156
201 47
201 49
201 57
201 106
201 123
201 134
201 162
202 33
202 36
202 84
202 94
202 106
202 166
202 189
208 205
211 205
212 205
213 205
215 73
215 104
222 217
223 221
225 205
225 208
226 216
234 43
234 70
234 73
234 93
234 126
234 160
234 215
234 220
234 225
236 225
236 229
237 228
239 47
239 73
239 102
239 238
240 220
241 225
241 235
241 236
242 205
242 208
242 225
245 89
246 43
246 234
247 227
250 3
250 204
251 3
251 250
257 236
259 243
262 225
262 241
264 4
264 206
264 244
264 249
264 255
264 260
265 225
265 234
265 246
266 264
267 249
267 266
268 255
268 264
272 271
277 234
277 265
279 254
281 225
281 234
281 246
281 265
281 277
284 205
284 208
284 242
284 247
284 250
285 234
285 246
286 205
287 43
287 234
287 246
290 43
290 73
290 160
295 224
298 238
304 255
305 255
308 249
308 264
309 264
309 266
309 267
309 278
310 205
311 253
312 205
312 256
313 270
314 271
314 272
315 216
315 252
317 313
318 267
319 102
323 240
323 322
324 236
325 247
326 240
326 318
327 4
327 255
327 264
327 268
330 236
331 232
332 261
333 205
333 208
333 242
333 244
334 295
335 299
336 231
336 244
336 256
336 299
336 300
336 335
337 234
337 265
337 281
338 266
340 254
344 62
344 101
344 102
344 234
344 287
347 203
347 204
347 206
347 207
347 211
347 212
347 213
347 221
347 230
347 233
347 249
347 263
349 270
349 313
349 317
350 248
351 236
352 234
352 281
353 9
353 24
353 282
353 334
354 348
355 303
358 264
359 214
359 326
360 326
362 259
363 269
366 209
366 214
366 247
366 261
366 267
366 272
366 288
366 314
366 342
370 326
371 73
371 217
371 240
372 4
372 249
372 264
372 268
372 271
372 272
376 208
377 264
377 322
378 247
378 370
380 267
380 379
381 21
381 222
381 261
381 263
381 325
381 332
381 379
381 380
382 328
383 353
385 280
386 326
386 370
387 218
387 255
388 300
388 336
389 241
389 336
389 348
390 233
392 101
392 102
392 344
394 241
394 334
395 326
396 204
398 270
398 349
399 318
399 326
400 326
401 240
401 322
403 325
404 261
406 84
407 73
407 294
408 326
409 73
409 294
410 205
410 221
410 223
410 242
410 264
410 330
412 141
413 264
413 399
414 255
415 4
416 264
418 263
418 264
418 327
418 372
419 264
419 372
420 264
422 264
422 421
423 348
425 278
425 326
426 425
427 267
427 379
427 380
429 413
430 4
432 420
433 264
433 268
433 308
433 327
433 399
433 429
434 186
434 264
434 308
434 433
435 264
436 435
437 334
438 6
438 198
438 264
438 308
438 379
438 414
439 379
439 380
439 426
440 263
440 264
440 381
440 418
441 4
441 268
441 318
441 370
441 378
441 399
441 400
441 413
441 418
441 429
442 6
442 264
442 308
443 4
443 249
443 263
443 264
443 266
443 267
443 268
443 433
443 441
444 4
444 264
444 266
444 268
444 309
444 338
444 443
445 433
445 434
445 437
446 186
446 249
446 347
446 418
446 433
446 443
447 267
447 358
447 379
447 380
447 422
447 427
447 431
447 437
448 264
448 267
449 443
450 411
451 423
451 435
451 436
452 400
452 413
452 441
453 413
453 422
453 441
454 429
454 433
454 441
455 413
455 441
459 35
459 90
459 119
459 129
459 147
459 172
460 264
461 4
461 264
461 278
461 399
461 433
461 446
462 186
462 249
462 267
462 318
462 347
462 418
462 444
462 446
462 461
464 264
464 278
464 318
464 416
464 420
464 423
464 439
464 445
464 458
464 459
464 463
465 419
466 249
466 264
466 266
466 267
466 278
466 308
466 318
466 326
466 400
466 415
466 425
466 433
466 434
466 441
466 445
466 446
466 450
466 454
466 462
466 465
467 264
467 450
469 21
469 125
470 125
472 249
472 264
472 267
472 466
473 186
473 249
473 267
473 318
473 426
473 441
473 443
473 459
473 466
474 433
475 434
477 255
477 449
478 449
478 477
479 268
479 411
479 445
479 448
480 423
480 435
480 451
481 413
481 441
482 414
484 222
484 298
484 379
485 379
486 246
486 448
486 473
487 486
488 260
489 264
489 420
490 314
490 414
492 417
493 82
493 418
493 437
493 446
493 462
494 268
494 411
494 445
494 448
495 413
495 433
495 441
495 453
495 466
496 413
496 483
497 344
499 3
499 241
499 242
499 284
499 286
499 366
499 381
499 472
500 17
500 499
501 284
501 366
501 401
502 205
502 286
502 366
503 264
503 379
503 380
503 414
503 417
503 427
503 492
504 236
504 256
504 501
509 156
515 12
515 512
517 516
525 524
528 515
528 527
529 17
529 231
530 524
530 525
531 526
532 526
535 527
535 528
537 527
538 86
539 32
539 86
539 107
540 66
540 113
541 134
541 169
542 524
542 525
542 530
543 535
543 537
544 540
545 509
545 542
547 507
548 525
548 530
550 526
551 550
552 189
555 14
555 542
555 544
556 525
556 547
557 14
557 15
557 16
557 89
557 507
557 531
557 547
557 555
558 507
558 525
558 530
558 533
558 534
558 542
558 548
559 557
560 246
560 529
562 507
562 525
562 555
562 556
563 539
563 550
565 15
565 89
565 134
565 530
565 533
565 541
565 544
565 545
565 547
565 554
565 555
565 556
565 557
565 559
565 562
565 564
566 555
569 15
569 541
569 550
569 562
569 564
569 565
570 32
570 86
570 189
570 539
570 550
570 563
571 180
571 551
574 531
574 532
575 169
575 545
575 550
575 565
575 569
577 540
577 550
577 563
577 569
578 86
578 539
578 563
578 570
579 526
579 531
580 529
580 542
580 555
580 557
580 565
580 567
580 573
580 576
581 556
581 557
584 571
584 572
585 567
586 565
587 576
588 557
588 565
589 15
589 507
589 525
589 530
589 555
589 561
589 565
589 569
591 568
594 568
595 568
595 593
595 594
596 590
597 568
597 594
597 595
598 568
598 594
598 595
598 597
599 593
599 594
599 597
600 568
600 595
601 590
602 590
602 593
602 594
602 597
602 598
602 599
602 600
602 601
603 568
603 593
603 594
603 595
603 597
603 598
603 599
603 600
604 590
605 535
605 537
605 543
605 560
606 86
606 580
607 33
607 109
607 140
608 557
609 19
609 580
611 525
611 530
611 535
611 537
611 542
611 543
611 565
612 86
612 107
612 108
612 109
612 565
613 544
614 89
614 180
614 540
614 551
614 554
614 571
614 577
614 580
615 574
615 580
616 544
616 549
616 613
617 555
617 556
617 564
617 565
619 583
620 580
623 599
623 602
624 19
624 532
624 540
624 574
624 580
625 622
628 519
637 230
637 264
637 379
637 380
637 381
637 427
637 471
637 503
638 505
638 635
639 471
642 510
644 635
644 641
648 144
649 639
651 631
652 222
653 647
654 315
654 634
656 47
656 84
656 103
656 140
657 73
657 215
657 234
658 263
659 658
660 18
660 535
660 537
660 543
660 605
661 187
661 192
663 646
670 533
670 668
673 646
677 605
677 611
677 660
685 669
689 646
690 194
693 81
693 263
693 440
693 505
693 638
693 668
693 691
694 102
696 512
697 639
697 680
698 508
701 634
702 646
702 663
702 673
702 683
703 674
704 96
706 651
709 679
710 640
710 702
711 98
711 120
711 178
711 509
712 515
713 144
713 701
714 245
715 639
715 697
716 222
716 381
717 712
719 712
721 164
722 554
723 188
727 639
727 697
730 29
730 33
730 86
730 128
730 196
730 197
730 661
733 557
736 645
737 222
737 381
739 43
739 73
739 290
740 252
740 315
740 464
741 691
741 693
742 652
742 693
746 658
746 659
747 658
747 659
749 506
750 645
751 693
752 683
756 54
761 709
764 46
766 651
767 646
769 639
769 715
770 546
770 629
773 245
775 725
776 639
777 102
778 52
778 61
778 245
778 701
778 713
780 47
781 755
782 295
782 353
782 634
782 670
782 701
782 713
782 772
784 693
785 499
789 73
789 234
789 290
789 371
790 699
791 699
792 693
792 768
795 236
796 745
797 745
797 796
801 102
801 800
802 695
802 696
803 644
804 693
805 693
806 190
808 646
808 693
809 769
811 772
816 671
818 47
818 656
820 639
821 639
821 697
822 639
824 440
825 666
825 724
829 827
829 828
830 683
830 782
831 673
833 73
833 239
834 633
834 676
835 819
836 742
837 768
837 792
839 736
840 759
840 783
841 658
843 712
843 719
844 52
846 652
848 728
848 835
851 506
851 749
851 846
852 519
852 628
852 726
852 745
852 796
852 797
854 643
855 643
855 854
856 89
856 634
856 640
856 710
856 778
856 806
857 646
857 669
857 683
857 702
857 787
857 831
858 720
859 806
861 652
861 663
861 702
861 737
861 787
861 849
861 857
861 858
862 640
862 710
862 778
862 806
863 723
865 369
866 709
867 654
867 693
867 784
868 98
868 509
868 711
869 89
870 215
870 298
870 460
870 833
872 693
872 784
873 637
874 52
874 684
874 710
874 774
874 778
874 856
874 862
876 851
878 98
878 509
878 711
879 720
881 646
882 258
883 693
884 245
884 652
884 714
887 647
887 653
888 640
888 710
888 773
888 778
888 806
888 856
888 859
888 862
888 874
890 693
890 867
891 693
891 867
892 700
894 507
894 535
894 605
894 660
895 737
895 861
896 654
896 684
896 694
896 713
896 777
897 415
897 693
897 803
898 84
898 130
898 189
899 164
899 721
901 784
902 856
903 645
903 736
903 839
904 712
904 717
904 718
904 719
905 693
905 751
905 851
906 239
906 865
907 5
907 627
907 714
908 674
908 703
909 693
910 28
910 35
910 51
910 90
910 129
910 147
910 459
910 512
910 705
910 723
910 764
913 505
913 779
917 90
917 705
917 910
919 918
920 664
920 807
920 919
921 918
921 919
922 897
923 729
924 198
925 109
925 190
925 459
925 910
926 807
926 877
926 920
927 823
928 716
929 916
930 907
931 252
931 654
933 705
934 690
934 763
934 856
934 888
934 902
934 915
935 509
935 852
936 889
937 693
937 741
937 850
937 867
938 875
939 745
939 796
939 852
941 692
943 723
943 863
945 862
946 929
947 315
947 464
947 740
947 928
950 736
951 822
954 693
954 909
955 911
956 861
957 747
959 747
960 918
960 919
960 920
961 734
962 698
963 735
965 693
966 509
967 871
968 627
968 907
969 697
969 848
970 919
971 194
971 763
971 934
972 24
972 605
972 913
973 695
973 696
974 693
974 901
975 638
975 959
976 263
976 372
976 418
976 440
977 959
979 645
979 903
980 917
981 639
981 649
981 879
983 374
984 16
984 554
984 571
984 580
984 978
985 647
985 887
986 315
986 464
986 740
986 928
986 947
987 861
988 918
988 919
988 960
988 970
989 397
989 663
989 673
989 685
989 692
989 767
989 857
989 858
989 863
989 895
989 920
989 943
990 723
990 742
990 863
990 989
991 741
991 749
991 851
991 867
991 965
992 645
992 750
993 647
993 887
993 985
997 719
998 82
998 109
998 129
998 147
998 190
998 412
998 459
998 910
998 925
999 194
999 690
999 763
999 934
1000 745
1000 852
1001 926
1001 989
1002 696
1003 374
1004 696
1004 822
1005 512
1006 56
1008 719
1009 810
1009 864
1009 882
1009 982
1010 643
1010 854
1010 855
1013 522
1014 726
1015 515
1015 520
1015 984
1016 673
1016 702
1016 856
1016 857
1016 861
1020 100
1021 28
1021 33
1021 35
1021 43
1021 47
1021 50
1021 51
1021 63
1021 78
1021 84
1021 90
1021 129
1021 135
1021 147
1021 189
1021 239
1021 459
1021 662
1021 895
1021 913
1022 695
1022 696
1022 802
1023 695
1023 696
1023 802
1023 890
1023 973
1023 1005
1023 1022
1025 696
1026 693
1026 696
1026 1023
1028 506
1028 851
1029 699
1032 887
1032 985
1033 867
1034 852
1036 935
1037 20
1037 912
1037 1031
1038 2
1038 1017
1040 5
1042 5
1043 1042
1044 5
1044 1040
1044 1042
1044 1043
1045 1040
1045 1042
1046 729
1049 807
1049 1046
1051 509
1053 1041
1054 1040
1056 1038
1057 9
1057 353
1058 1045
1058 1054
1058 1057
1059 1040
1059 1042
1059 1046
1059 1049
1059 1054
1059 1057
1059 1058
1060 2
1060 5
1060 807
1060 881
1060 1038
1060 1039
1060 1041
1060 1049
1061 9
1061 1057
1061 1059
1062 1040
1062 1042
1062 1044
1062 1045
1062 1046
1062 1054
1062 1059
1063 7
1063 559
1063 807
1063 1011
1063 1049
1065 353
1065 1046
1067 1066
1068 9
1068 353
1068 1058
1068 1059
1068 1065
1069 1060
1070 5
1070 1042
1070 1044
1070 1062
1071 1049
1072 1042
1072 1044
1072 1062
1073 1064
1074 1063
1075 24
1076 1042
1076 1048
1076 1049
1076 1072
1077 1060
1079 514
1079 1049
1081 1059
1082 807
1086 902
1086 1044
1087 1047
1087 1055
1087 1076
1089 1044
1089 1059
1089 1062
1089 1068
1090 1049
1090 1059
1091 639
1091 765
1091 908
1091 1076
1092 109
1092 924
1093 21
1094 21
1095 1054
1095 1058
1095 1059
1095 1060
1099 1063
1101 9
1101 565
1101 568
1101 598
1101 1049
1101 1050
1101 1064
1103 738
1104 24
1104 1059
1104 1061
1104 1068
1105 1063
1107 1051
1108 1020
1109 424
1109 1013
1110 1090
1111 617
1111 1057
1111 1061
1111 1065
1111 1068
1111 1101
1111 1104
1111 1109
1112 15
1112 89
1112 339
1112 522
1112 557
1112 565
1112 665
1112 701
1112 705
1112 708
1112 725
1112 733
1112 774
1112 775
1112 782
1112 784
1112 812
1112 813
1112 872
1112 880
1112 891
1112 910
1112 917
1112 933
1112 952
1112 974
1112 1035
1113 1099
1113 1106
1114 1049
1114 1063
1116 1109
1116 1111
1117 1116
1121 1058
1121 1059
1121 1060
1121 1110
1122 128
1122 896
1123 1
1123 1074
1124 1079
1125 1060
1125 1105
1126 705
1126 733
1126 1112
1127 698
1127 1022
1127 1023
1129 1089
1131 1046
1131 1107
1132 245
1132 1079
1132 1124
1134 5
1135 1073
1136 714
1136 907
1137 705
1138 1049
1138 1079
1139 5
1139 245
1139 698
1139 1063
1140 9
1140 568
1140 598
1140 1049
1140 1064
1140 1101
1141 705
1141 933
1142 1109
1142 1116
1143 940
1143 1063
1144 1133
1146 282
1146 555
1146 1112
1148 1052
1148 1147
1149 922
1150 1063
1152 5
1152 245
1152 698
1152 754
1152 884
1152 900
1152 1137
1153 45
1153 49
1153 54
1153 58
1153 60
1153 103
1153 123
1153 132
1154 1084
1155 96
1155 1049
1156 1060
1156 1062
1157 96
1157 1049
1157 1056
1158 807
1158 1049
1158 1063
1158 1074
1159 5
1159 7
1159 89
1159 907
1159 930
1159 1063
1159 1079
1159 1083
1159 1086
1159 1136
1159 1139
1159 1145
1159 1152
1160 1063
1160 1114
1161 559
1162 559
1162 1161
1163 1063
1164 5
1165 5
1165 89
1165 907
1165 1076
1165 1086
1165 1159
1166 1063
1166 1159
1167 1136
1167 1159
1168 714
1168 907
1168 930
1168 1150
1168 1159
1168 1165
1169 1060
1169 1077
1169 1105
1169 1125
1170 907
1170 1159
1170 1168
1171 556
1171 907
1171 1159
1172 1092
1172 1125
1173 1159
1174 907
1174 1159
1175 1011
1175 1063
1175 1114
1176 1162
1177 835
1177 940
1178 1102
1178 1107
1179 1043
1180 714
1180 907
1180 1150
1180 1159
1180 1165
1180 1168
1181 7
1181 514
1181 1063
1181 1150
1181 1159
1182 1159
1182 1170
1183 103
1183 161
1184 5
1184 1040
1184 1044
1184 1060
1184 1106
1185 1
1185 143
1185 807
1185 1044
1185 1059
1185 1060
1185 1090
1185 1121
1185 1184
1186 1159
1187 5
1187 907
1187 1063
1187 1114
1187 1136
1187 1159
1187 1160
1189 1049
1190 5
1190 807
1190 1049
1190 1059
1190 1060
1190 1063
1190 1072
1190 1087
1190 1101
1190 1104
1190 1121
1190 1189
1191 714
1191 907
1191 1168
1191 1179
1193 5
1193 1159
1194 5
1194 907
1194 930
1194 1159
1195 5
1195 89
1195 640
1195 714
1195 907
1195 930
1195 942
1195 1083
1195 1086
1195 1107
1195 1136
1195 1139
1195 1152
1195 1159
1195 1165
1195 1168
1195 1173
1195 1174
1195 1180
1195 1191
1196 186
1196 216
1196 674
1197 1063
1197 1159
1198 1103
1199 17
1199 89
1201 1197
1204 21
1204 22
1204 1115
1205 1202
1207 1203
1208 738
1213 1073
1214 738
1217 738
1217 1208
1217 1214
1219 703
1219 908
1221 1131
1223 1073
1224 1073
1224 1213
1226 353
1228 1227
1229 476
1231 1222
1231 1229
1233 1226
1234 1213
1235 1217
1236 1103
1236 1108
1236 1219
1236 1229
1238 1218
1239 703
1239 734
1239 1229
1239 1236
1241 703
1241 908
1241 1219
1241 1239
1242 1221
1244 1221
1245 1222
1245 1231
1247 782
1247 818
1247 1038
1253 1075
1253 1147
1253 1148
1254 8
1254 17
1254 23
1254 92
1254 560
1254 972
1254 1249
1259 1258
1260 1248
1261 11
1261 17
1261 525
1261 558
1261 611
1262 365
1263 1260
1264 1254
1265 83
1265 157
1266 1261
1268 42
1268 83
1268 84
1268 193
1268 1200
1268 1255
1268 1265
1269 1254
1271 1257
1273 17
1273 898
1275 365
1275 1262
1276 24
1278 11
1278 1199
1278 1248
1278 1254
1278 1261
1278 1273
1279 1254
1280 1260
1280 1263
1281 1277
1283 11
1283 17
1284 1248
1284 1260
1284 1274
1285 1248
1285 1259
1285 1272
1285 1278
1285 1284
1287 1254
1288 1259
1289 24
1289 353
1289 1104
1289 1199
1289 1276
1290 1270
1291 1270
1292 24
1292 1261
1292 1284
1293 11
1293 1254
1293 1278
1294 11
1294 1283
1296 17
1296 507
1296 535
1296 556
1296 605
1296 660
1296 894
1296 1278
1297 1268
1298 83
1298 1268
1300 1248
1300 1260
1300 1274
1300 1284
1300 1285
1301 1295
1301 1299
1302 1248
1302 1274
1302 1284
1302 1285
1302 1300
1305 1258
1305 1288
1306 10
1307 1274
1307 1284
1308 1282
1308 1295
1309 611
1309 1261
1310 1255
1310 1274
1310 1302
1312 1257
1312 1311
1313 1282
1314 23
1315 1199
1315 1255
1315 1276
1315 1289
1316 1250
1316 1259
1316 1275
1316 1285
1317 1257
1318 1120
1318 1278
1318 1293
1320 1255
1320 1310
1321 24
1321 913
1321 1254
1322 23
1322 1314
1323 1319
1324 1200
1324 1270
1325 1251
1325 1313
1325 1320
1326 1314
1326 1321
1327 499
1328 1274
1329 1252
1331 17
1332 605
1332 1147
1332 1254
1332 1271
1333 1306
1334 1306
1336 1306
1336 1333
1337 1254
1337 1264
1339 24
1339 1268
1339 1276
1340 1307
1341 17
1341 89
1341 315
1341 353
1341 500
1341 1052
1341 1148
1341 1199
1341 1261
1341 1294
1341 1309
1342 1298
1343 11
1343 1261
1343 1318
1344 1200
1344 1329
1345 8
1345 1254
1345 1306
1345 1333
1345 1336
1346 24
1347 1254
1348 1046
1348 1254
1349 152
1351 1251
1351 1320
1352 365
1352 1275
1353 11
1354 83
1354 1199
1355 1254
1357 1260
1357 1329
1357 1344
1358 1254
1359 1254
1359 1306
1359 1333
1359 1336
1360 1306
1361 1254
1362 1250
1362 1268
1362 1316
1363 1260
1363 1314
1364 605
1364 660
1364 1296
1365 1314
1365 1322
1366 24
1366 353
1366 1104
1366 1276
1367 1319
1367 1323
1368 1282
1368 1295
1368 1301
1368 1308
1371 24
1371 1276
1371 1289
1371 1315
1371 1328
1371 1339
1371 1366
1373 1254
1374 605
1374 660
1374 894
1374 952
1374 1296
1374 1341
1374 1364
1375 510
1375 1013
1376 510
1376 1013
1377 510
1377 1013
1378 510
1378 1013
1379 17
1379 1278
1380 785
1380 1199
1380 1341
1381 112
1381 510
1385 17
1385 500
1385 654
1385 1103
1385 1199
1385 1267
1385 1380
1387 1307
1387 1385
1388 1261
1388 1309
1388 1385
1389 687
1389 1380
1389 1385
1390 902
1390 1374
1391 1131
1391 1220
1391 1227
1391 1228
1392 1341
1392 1385
1392 1389
1393 1199
1393 1385
1394 1299
1396 1395
1397 33
1397 66
1397 70
1397 84
1397 116
1397 124
1397 711
1397 868
1397 878
1397 1381
1398 77
1398 112
1398 655
1398 1013
1399 113
1399 510
1399 850
1399 1389
1399 1390
1399 1398
1400 908
1400 1396
1401 505
1401 693
1401 913
1402 576
1402 1374
1402 1380
1402 1389
1402 1390
1402 1392
1402 1399
1403 26
1403 93
1403 109
1403 189
1403 234
1404 529
1404 1364
1404 1399
1404 1402
1405 1309
1406 1395
1406 1400
1406 1405
1407 1341
1407 1385
1407 1388
1407 1389
1407 1393
1407 1399
1408 42
1408 54
1408 82
1408 84
1408 96
1408 119
1409 24
1409 605
1409 913
1409 1254
1410 345
1410 647
1410 653
1410 887
1410 985
1410 993
1411 668
1411 751
1411 905
1411 913
1411 1006
1411 1100
1412 647
1412 653
1412 688
1412 1410
1413 647
1413 653
1414 368
1415 865
1415 1414
1416 47
1416 84
1416 128
1416 189
1416 656
1416 661
1416 730
1416 756
1416 818
1416 898
1416 1020
1416 1122
1417 45
1417 1041
1417 1172
1418 33
1418 110
1418 173
1419 928
1420 377
1420 456
1420 493
1420 716
1421 86
1421 96
1422 89
1422 130
1422 296
1422 506
1422 508
1422 509
1422 523
1422 554
1422 639
1422 732
1422 754
1422 794
1422 798
1422 805
1422 834
1422 850
1422 864
1422 900
1422 923
1422 935
1422 952
1422 962
1422 975
1422 1033
1422 1036
1422 1137
1422 1139
1422 1152
1422 1186
1422 1194
1422 1296
1423 47
1423 73
1423 234
1423 235
1423 240
1423 292
1423 323
1423 371
1423 789
1423 1403
1424 73
1424 126
1424 234
1424 265
1424 281
1425 47
1425 68
1426 33
1426 35
1426 66
1426 89
1426 96
1426 103
1426 106
1426 538
1426 621
1426 1421
1427 68
1427 82
1427 1425
1428 102
1428 344
1428 392
1429 898
1429 1254
1429 1273
1430 554
1430 1152
1430 1422
1431 84
1431 176
1431 199
1433 189
1433 1421
1433 1426
1434 898
1434 927
1434 1020
1435 125
1435 133
1435 173
1435 220
1435 290
1435 307
1435 368
1435 486
1435 739
1435 740
1435 788
1435 924
1435 928
1435 947
1435 1415
1435 1419
1436 101
1436 124
1436 281
1436 368
1436 374
1436 397
1436 924
1436 1414
1436 1419
1436 1420
1436 1424
1436 1435
1438 716
1438 924
1439 27
1439 32
1439 33
1439 36
1439 42
1439 60
1439 84
1439 99
1439 107
1439 115
1439 123
1439 145
1439 169
1439 172
1439 189
1439 539
1439 711
1439 1403
1439 1426
1440 43
1440 234
1440 285
1440 287
1440 352
1441 62
1441 102
1441 173
1441 234
1441 277
1441 344
1441 392
1441 716
1441 1424
1441 1428
1442 87
1442 109
1442 116
1442 124
1442 172
1443 768
1443 792
1444 965
1445 525
1446 15
1446 555
1446 557
1446 565
1446 575
1446 580
1446 717
1446 944
1446 994
1446 996
1446 1007
1448 731
1448 1177
1449 929
1449 946
1450 582
1450 1046
1450 1120
1450 1136
1452 20
1452 896
1452 1031
1453 635
1454 234
1454 241
1454 693
1454 701
1454 1196
1454 1216
1454 1240
1454 1411
1455 1454
1456 555
1456 556
1456 561
1456 562
1456 589
1456 991
1456 1124
1456 1132
1456 1138
1456 1450
1457 698
1457 1091
1457 1261
1460 645
1460 750
1460 903
1460 950
1461 535
1461 693
1462 693
1462 695
1462 852
1462 1022
1462 1023
1463 614
1464 1261
1464 1393
1467 16
1467 89
1467 554
1467 555
1467 557
1467 571
1467 572
1467 580
1467 592
1467 978
1467 984
1467 1112
1468 40
1468 97
1468 172
1468 1150
1468 1151
1468 1169
1468 1181
1469 1260
1469 1263
1469 1270
1470 88
1470 107
1470 113
1471 1312
1472 1255
1473 96
1473 1421
1475 315
1475 634
1475 654
1475 814
1475 912
1475 931
1475 1037
1476 1200
1476 1270
1476 1324
1477 1282
1477 1301
1477 1308
1477 1368
1478 36
1478 112
1478 1397
1479 1250
1479 1305
1479 1310
1479 1325
1479 1342
1479 1369
1479 1370
1479 1372
1480 1254
1480 1341
1480 1389
1481 1073
1481 1135
1481 1224
1482 580
1482 600
1483 115
1484 1259
1485 26
1485 59
1485 84
1485 86
1485 189
1485 190
1485 870
1485 1398
1486 23
1486 1314
1486 1322
1486 1365
1487 45
1487 49
1487 188
1487 1153
1488 580
1488 626
1488 1482
1489 273
1489 314
1489 1016
1490 35
1490 51
1490 52
1490 1122
1490 1419
1491 1166
1493 84
1494 88
1494 161
1494 189
1494 1153
1495 222
1496 33
1496 55
1496 109
1497 222
1497 924
1497 1495
1498 590
1499 568
1499 591
1499 593
1499 594
1499 597
1499 598
1499 599
1499 601
1499 602
1500 658
1500 747
1500 779
1500 959
1500 977
1501 568
1502 413
1502 441
1503 84
1503 86
1503 607
1504 86
1504 189
1504 1494
1505 583
1505 593
1505 602
1505 619
1506 35
1506 63
1506 68
1506 98
1506 119
1506 129
1506 172
1506 459
1506 711
1506 1021
1506 1426
1507 47
1507 123
1507 130
1507 188
1507 189
1507 818
1507 898
1507 1416
1507 1506
1508 78
1508 711
1509 48
1509 109
1510 84
1510 373
1511 222
1511 924
1512 125
1512 293
1512 319
1512 368
1512 437
1512 716
1512 1435
1513 73
1513 87
1513 160
1513 172
1513 234
1514 5
1514 1063
1514 1105
1515 1268
1517 428
1517 910
1517 924
1518 377
1518 456
1518 493
1518 716
1518 924
1518 1436
1519 1327
1520 498
1522 231
1522 536
1522 580
1522 609
1522 621
1523 1522
1524 1046
1524 1220
1525 1244
1526 755
1526 781
1526 826
1527 126
1527 1219
1527 1236
1527 1239
1527 1241
1529 1103
1529 1131
1529 1216
1529 1221
1529 1227
1529 1244
1529 1391
1530 1229
1530 1237
1532 1242
1532 1525
1532 1529
1533 1224
1533 1229
1533 1239
1533 1481
1533 1527
1533 1528
1534 1227
1534 1529
1534 1532
1535 1165
1535 1195
1535 1198
1535 1212
1535 1233
1536 1233
1536 1535
1537 1208
1537 1218
1537 1238
1538 1108
1538 1243
1539 1118
1539 1225
1540 534
1540 634
1540 782
1540 1219
1540 1229
1540 1239
1542 67
1542 650
1542 818
1542 1481
1543 1103
1543 1196
1543 1525
1544 9
1544 1101
1545 344
1546 33
1546 1545
1547 1545
1548 110
1548 489
1549 85
1549 367
1549 1003
1549 1435
1552 63
1552 1549
1553 1040
1553 1042
1553 1044
1553 1045
1553 1059
1553 1062
1555 696
1555 726
1555 1023
1558 1060
1558 1121
1558 1184
1558 1190
1561 748
1561 1023
1562 104
1562 189
1563 46
1563 52
1563 65
1563 69
1563 73
1563 75
1563 79
1563 84
1563 91
1563 155
1563 189
1563 694
1563 777
1564 189
1564 898
1565 138
1565 693
1566 764
1567 664
1568 1422
1569 1059
1569 1070
1571 314
1571 492
1571 503
1575 1130
1576 526
1576 531
1576 549
1576 550
1576 579
1577 731
1577 919
1577 920
1577 960
1577 1001
1578 611
1578 811
1579 0
1581 0
1581 1200
1581 1255
1581 1282
1581 1288
1581 1472
1581 1474
1581 1477
1581 1579
1582 1255
1582 1258
1582 1310
1582 1316
1582 1338
1582 1362
1582 1370
1582 1472
1582 1474
1582 1479
1582 1579
1582 1580
1582 1581
1583 83
1583 1255
1583 1265
1583 1579
1583 1581
1583 1582
1584 1313
1584 1320
1584 1325
1584 1351
1586 852
1587 936
1588 1002
1588 1004
1589 1112
1590 1244
1592 699
1593 699
1593 790
1594 851
1596 699
1596 1593
1597 73
1597 239
1597 290
1599 699
1599 707
1599 791
1600 707
1600 1599
1601 256
1602 73
1602 215
1602 239
1602 290
1602 833
1602 870
1603 699
1603 1593
1603 1596
1604 20
1605 811
1605 1578
1606 907
1606 1159
1607 664
1607 1567
1608 1458
1609 1335
1610 1413
1611 500
1611 1392
1611 1610
1612 1380
1613 910
1614 1454
1615 984
1615 1458
1616 695
1616 696
1616 748
1616 1023
1616 1555
1617 1112
1618 696
1618 1023
1619 695
1619 696
1619 973
1619 1023
1620 1561
1621 89
1621 675
1621 964
1621 1127
1621 1139
1621 1152
1621 1194
1621 1462
1622 695
1622 696
1622 719
1622 1023
1622 1561
1622 1619
1622 1620
1623 240
1624 818
1625 784
1626 264
1626 267
1626 448
1626 464
1627 373
1627 420
1628 690
1628 724
1628 1036
1629 822
1630 693
1630 867
1631 867
1632 693
1632 867
1632 1453
1633 505
1633 698
1633 1422
1634 17
1634 698
1634 913
1634 968
1634 1401
1639 1637
1640 1070
1641 627
1642 627
1644 1035
1644 1112
1645 459
1645 723
1645 764
1645 863
1645 943
1645 990
1646 1301
1646 1308
1646 1336
1647 693
1647 803
1648 575
1648 894
1649 375
1650 375
1650 1649
1651 1055
1651 1087
1652 1013
1653 1247
1653 1286
1654 1103
1654 1198
1654 1220
1654 1233
1654 1536
1655 1103
1655 1107
1655 1198
1655 1233
1655 1535
1655 1536
1655 1654
1656 1203
1656 1230
1656 1653
1657 1286
1657 1655
1657 1656
1659 714
1659 907
1659 1195
1660 1459
1661 942
1661 1046
1661 1120
1661 1391
1662 4
1662 370
1662 378
1662 441
1662 442
1662 443
1663 1103
1664 1327
1665 1251
1665 1256
1665 1325
1666 1582
1667 1313
1667 1325
1668 1301
1668 1308
1668 1368
1668 1581
1669 1255
1669 1472
1669 1474
1669 1581
1670 1669
1671 83
1671 1265
1671 1268
1672 1308
1672 1582
1672 1668
1674 1308
1674 1581
1674 1582
1674 1583
1675 1258
1675 1284
1675 1316
1675 1369
1675 1370
1675 1372
1675 1479
1675 1582
1676 1310
1676 1370
1676 1479
1676 1675
1677 1582
1678 33
1678 34
1678 84
1678 113
1678 189
1678 194
1678 510
1678 868
1678 1013
1678 1397
1678 1398
1678 1404
1678 1478
1679 1399
1679 1422
1680 1637
1680 1638
1680 1639
1681 1144
1682 699
1682 1027
1682 1030
1682 1592
1682 1603
1684 1682
1686 808
1686 843
1686 944
1686 1446
1687 156
1687 179
1687 509
1687 711
1687 868
1689 1458
1690 1458
1691 1458
1691 1615
1691 1689
1692 512
1693 696
1693 1002
1693 1004
1694 1693
1695 519
1695 628
1695 726
1695 745
1695 796
1695 797
1695 852
1695 932
1695 935
1695 1014
1695 1034
1695 1462
1695 1555
1695 1586
1695 1587
1695 1688
1695 1690
1695 1691
1695 1692
1696 852
1696 1695
1697 512
1697 1694
1697 1695
1698 1682
1698 1685
1698 1695
1699 908
1699 1131
1699 1201
1699 1216
1699 1225
1699 1226
1699 1391
1699 1524
1700 264
1701 266
1701 443
1702 260
1702 267
1702 327
1702 358
1702 379
1702 380
1702 424
1702 427
1702 437
1702 438
1702 442
1702 443
1702 447
1702 448
1702 457
1702 459
1702 477
1702 488
1702 503
1702 1554
1703 249
1703 264
1703 267
1703 443
1703 466
1704 268
1704 433
1704 443
1705 249
1705 267
1705 462
1705 466
1705 473
1706 1196
1706 1456
1707 89
1707 915
1708 611
1708 1195
1709 1706
1710 1128
1711 1199
1711 1413
1712 500
1712 1199
1712 1380
1712 1389
1712 1392
1712 1711
1714 877
1715 1422
1716 476
1716 908
1716 1103
1716 1229
1716 1239
1716 1391
1716 1533
1717 84
1718 84
1718 96
1718 119
1718 140
1718 1426
1719 86
1719 170
1719 189
1720 54
1720 161
1721 95
1721 189
1722 808
1723 1446
1724 459
1724 512
1724 662
1724 786
1724 793
1724 863
1724 943
1724 990
1724 1021
1724 1645
1725 512
1725 684
1725 817
1725 863
1725 990
1725 1585
1725 1724
1727 1127
1728 550
1728 573
1728 615
1728 624
1729 540
1730 1146
1731 667
1731 1047
1731 1055
1731 1076
1731 1087
1731 1228
1731 1391
1731 1651
1734 1195
1735 907
1735 1076
1735 1091
1735 1195
1736 632
1736 674
1736 720
1736 842
1736 859
1736 879
1736 896
1736 908
1736 1091
1736 1277
1736 1281
1736 1383
1736 1733
1736 1734
1737 1191
1737 1736
1738 89
1738 1091
1738 1191
1738 1707
1740 867
1740 1422
1740 1739
1741 1636
1742 929
1743 1201
1743 1535
1744 1743
1745 24
1745 1276
1745 1289
1745 1315
1745 1328
1745 1339
1745 1366
1746 1276
1746 1302
1746 1315
1746 1371
1747 1276
1747 1289
1747 1315
1747 1745
1747 1746
1748 24
1748 1274
1748 1289
1748 1328
1748 1745
1749 27
1749 539
1749 1318
1749 1348
1752 1751
1753 719
1756 719
1756 1422
1757 554
1757 555
1757 608
1757 712
1757 1422
1758 843
1758 935
1758 997
1758 1008
1758 1756
1759 82
1759 84
1759 1399
1760 1125
1760 1172
1761 1760
1763 542
1763 555
1763 565
1763 580
1763 585
1763 600
1763 626
1763 677
1763 1488
1764 13
1764 14
1765 602
1765 1505
1766 626
1766 1488
1766 1763
1766 1764
1767 1763
1767 1764
1769 626
1769 1763
1769 1768
1770 580
1770 1767
1771 602
1772 555
1772 580
1772 1482
1772 1763
1772 1770
1773 1763
1773 1766
1773 1767
1773 1772
1774 626
1774 1482
1774 1763
1774 1772
1775 15
1775 555
1775 565
1775 580
1775 600
1775 619
1775 1763
1775 1764
1775 1766
1775 1767
1775 1768
1775 1770
1775 1772
1775 1773
1776 1772
1776 1773
1776 1774
1776 1775
1777 580
1777 602
1777 1763
1777 1767
1777 1772
1777 1773
1777 1774
1777 1775
1777 1776
1778 580
1778 600
1778 1482
1778 1763
1778 1767
1778 1774
1778 1775
1778 1777
1779 1767
1779 1770
1780 580
1780 1763
1780 1773
1780 1775
1781 1482
1781 1775
1782 1770
1782 1775
1782 1776
1783 1482
1783 1769
1783 1772
1783 1773
1783 1774
1783 1775
1783 1778
1783 1782
1784 1482
1784 1763
1784 1767
1784 1769
1784 1775
1784 1776
1784 1778
1784 1783
1785 875
1785 1422
1787 32
1787 33
1787 34
1787 38
1787 41
1787 42
1787 43
1787 44
1787 45
1787 46
1787 47
1787 48
1787 52
1787 53
1787 54
1787 56
1787 59
1787 61
1787 62
1787 63
1787 65
1787 66
1787 69
1787 70
1787 71
1787 72
1787 73
1787 75
1787 78
1787 80
1787 81
1787 82
1787 84
1787 86
1787 88
1787 89
1787 91
1787 92
1787 93
1787 94
1787 95
1787 96
1787 100
1787 103
1787 106
1787 107
1787 111
1787 116
1787 117
1787 119
1787 121
1787 124
1787 126
1787 128
1787 129
1787 133
1787 137
1787 140
1787 142
1787 143
1787 147
1787 150
1787 152
1787 153
1787 154
1787 155
1787 156
1787 157
1787 159
1787 160
1787 161
1787 165
1787 167
1787 168
1787 170
1787 171
1787 177
1787 178
1787 179
1787 180
1787 183
1787 184
1787 185
1787 188
1787 189
1787 191
1787 195
1787 196
1787 197
1787 198
1787 200
1787 202
1787 234
1787 460
1787 656
1787 661
1787 694
1787 730
1787 764
1787 771
1787 777
1787 844
1787 998
1787 1021
1787 1153
1787 1183
1787 1403
1787 1408
1787 1416
1787 1485
1787 1494
1787 1496
1787 1504
1787 1506
1787 1507
1787 1513
1787 1563
1787 1678
1787 1718
1787 1720
1787 1786
1788 1020
1788 1679
1789 1788
1790 1762
1790 1763
1790 1769
1792 611
1792 636
1792 681
1792 729
1792 958
1793 1380
1793 1384
1793 1385
1793 1472
1793 1789
1793 1791
1793 1792
1794 1789
1794 1792
1795 9
1795 17
1795 194
1795 972
1795 1321
1795 1341
1795 1346
1795 1393
1795 1409
1795 1749
1795 1787
1796 1789
1796 1792
1796 1793
1797 652
1797 834
1797 857
1797 895
1797 1016
1797 1060
1799 1540
1801 558
1801 1391
1802 52
1802 534
1802 634
1802 701
1802 782
1802 789
1802 844
1802 856
1802 1101
1802 1140
1802 1247
1802 1384
1802 1540
1802 1544
1802 1799
1802 1800
1803 22
1803 70
1803 93
1803 394
1803 642
1803 1046
1803 1103
1803 1208
1803 1232
1803 1233
1803 1247
1803 1269
1803 1348
1803 1535
1803 1536
1803 1654
1803 1655
1803 1707
1803 1726
1803 1736
1803 1793
1803 1794
1804 2
1804 1802
1805 533
1805 534
1805 670
1805 710
1805 896
1805 1122
1805 1591
1805 1802
1805 1804
1806 4
1806 873
1808 512
1808 541
1808 546
1808 554
1808 584
1808 629
1808 843
1808 933
1808 935
1808 978
1808 1137
1808 1141
1808 1162
1808 1446
1808 1723
1808 1756
1809 784
1809 872
1809 901
1810 1751
1810 1752
1811 1035
1811 1112
1812 1750
1812 1807
1814 1773
1816 89
1817 1103
1817 1202
1817 1205
1818 690
1818 1348
1818 1661
1819 701
1820 714
1820 782
1820 884
1820 1159
1821 645
1821 903
1821 950
1821 979
1821 1460
1822 645
1822 750
1822 1460
1823 744
1823 750
1824 363
1825 750
1825 1460
1825 1822
1826 803
1828 645
1828 682
1828 879
1828 1821
1828 1827
1829 645
1829 750
1829 1460
1829 1821
1829 1827
1829 1828
1831 903
1832 1828
1832 1829
1833 1455
1833 1540
1833 1802
1834 1802
1835 1341
1835 1402
1835 1456
1836 1063
1836 1160
1838 1099
1841 949
1841 1840
1843 540
1843 580
1843 613
1843 624
1843 625
1846 1845
1848 1845
1848 1846
1849 1848
1850 1845
1850 1846
1850 1848
1850 1849
1852 1303
1852 1314
1852 1326
1853 1314
1853 1486
1854 1254
1854 1278
1854 1314
1854 1322
1854 1486
1854 1852
1854 1853
1857 1213
1857 1856
1858 1213
1858 1391
1859 549
1859 1572
1859 1576
1861 698
1861 1195
1861 1422
1861 1633
1861 1634
1862 663
1862 669
1862 734
1864 1
1864 1060
1864 1185
1865 1526
1866 512
1866 1567
1866 1635
1867 510
1867 1112
1867 1199
1868 1526
1869 826
1870 1795
1871 101
1873 851
1874 755
1875 214
1876 693
1877 1422
1878 710
1878 1199
1880 851
1882 129
1882 147
1882 910
1883 512
1883 723
1883 893
1883 910
1883 1693
1883 1694
1883 1695
1883 1881
1884 723
1885 459
1885 723
1885 910
1885 917
1885 1645
1886 764
1887 512
1887 719
1887 852
1887 893
1887 910
1887 917
1887 1002
1887 1004
1887 1693
1887 1695
1887 1757
1887 1881
1887 1883
1888 723
1888 1021
1888 1566
1888 1645
1888 1725
1889 1884
1889 1888
1890 35
1890 45
1890 63
1890 68
1890 96
1890 98
1890 119
1890 123
1890 129
1890 169
1890 172
1890 459
1890 464
1890 711
1890 723
1890 1021
1890 1426
1890 1468
1890 1507
1890 1645
1890 1787
1891 34
1891 54
1891 82
1891 1787
1892 34
1892 82
1892 1787
1893 511
1894 513
1894 1893
1896 1750
1896 1807
1897 1752
1900 1698
1900 1881
1900 1899
1902 264
1902 274
1902 308
1902 318
1902 399
1902 412
1902 413
1902 414
1902 423
1902 429
1902 431
1902 435
1902 436
1902 441
1902 451
1902 452
1902 453
1902 454
1902 480
1902 481
1902 482
1902 495
1902 1502
1902 1702
1903 513
1903 1893
1903 1894
1904 508
1905 1015
1905 1446
1905 1685
1906 1775
1906 1843
1907 711
1907 868
1908 627
1909 1847
1913 1912
1914 1913
1915 1912
1915 1913
1915 1914
1916 1911
1916 1914
1916 1915
1917 1915
1917 1916
1918 1912
1918 1913
1918 1914
1918 1915
1918 1916
1918 1917
1919 1909
1919 1910
1919 1911
1920 1914
1921 1914
1921 1920
1922 1911
1923 1911
1923 1919
1924 1923
1925 1898
1925 1914
1927 1926
1928 1422
1928 1500
1929 750
1929 965
1929 1826
1929 1928
1930 1927
1930 1928
1931 1060
1933 4
1933 101
1933 102
1933 205
1933 206
1933 208
1933 216
1933 217
1933 220
1933 225
1933 228
1933 232
1933 234
1933 236
1933 240
1933 241
1933 242
1933 244
1933 247
1933 258
1933 260
1933 261
1933 262
1933 264
1933 275
1933 285
1933 298
1933 326
1933 342
1933 344
1933 347
1933 359
1933 366
1933 369
1933 372
1933 373
1933 375
1933 376
1933 377
1933 384
1933 385
1933 397
1933 410
1933 417
1933 420
1933 433
1933 434
1933 437
1933 440
1933 442
1933 448
1933 449
1933 450
1933 464
1933 466
1933 472
1933 498
1933 499
1933 503
1933 566
1933 637
1933 896
1933 1435
1933 1441
1933 1512
1933 1548
1933 1571
1933 1871
1933 1902
1934 256
1934 336
1935 1009
1936 1009
1937 810
1938 1009
1939 1330
1942 1419
1944 509
1944 935
1944 1036
1944 1758
1946 1848
1947 1946
1948 1946
1949 1946
1950 1946
1950 1949
1951 1752
1951 1897
1951 1946
1951 1950
1952 1897
1952 1946
1952 1948
1952 1951
1953 1946
1953 1948
1953 1950
1954 1532
1955 1846
1955 1848
1955 1895
1955 1946
1955 1947
1955 1949
1955 1950
1956 1925
1957 1812
1957 1955
1958 1957
1959 1812
1959 1914
1959 1955
1961 1903
1961 1960
1962 511
1962 513
1962 741
1962 1894
1962 1903
1962 1927
1962 1960
1962 1961
1963 511
1963 1894
1963 1960
1963 1962
1964 1962
1964 1963
1965 1422
1966 984
1966 1015
1966 1467
1967 509
1967 1422
1967 1738
1967 1808
1968 71
1968 84
1968 124
1968 143
1968 711
1968 840
1968 896
1968 914
1968 1012
1968 1021
1968 1397
1968 1434
1968 1506
1968 1678
1968 1755
1968 1787
1968 1890
1969 89
1969 551
1969 554
1969 565
1969 571
1969 572
1969 584
1969 614
1969 984
1969 1422
1969 1430
1969 1446
1969 1467
1969 1757
1969 1808
1969 1966
1970 554
1970 984
1970 1422
1970 1969
1971 984
1971 1446
1971 1969
1972 607
1972 984
1972 1446
1972 1905
1973 573
1973 614
1973 615
1973 705
1973 944
1973 984
1973 1015
1973 1446
1973 1467
1973 1576
1973 1756
1973 1808
1973 1967
1973 1969
1973 1970
1973 1971
1973 1972
1974 900
1974 1176
1974 1422
1974 1808
1974 1877
1975 1446
1975 1972
1975 1973
1976 565
1976 574
1976 607
1976 984
1976 1446
1976 1972
1976 1973
1976 1975
1977 554
1977 573
1977 1446
1977 1757
1977 1808
1977 1972
1977 1973
1977 1975
1977 1976
1978 693
1978 867
1979 852
1980 867
1980 901
1981 1462
1981 1561
1981 1616
1981 1688
1981 1695
1982 1946
1983 1844
1983 1848
1983 1955
1984 1410
1986 345
1986 1410
1986 1984
1987 1410
1987 1413
1987 1611
1988 1410
1988 1412
1988 1413
1989 688
1989 832
1989 847
1989 1570
1990 1410
1990 1412
1991 1410
1991 1412
1991 1413
1991 1611
1992 1103
1992 1985
1993 1985
1994 1987
1996 1060
1996 1077
1996 1125
1996 1169
1996 1176
1996 1468
1997 1105
1997 1125
1997 1169
1997 1172
1998 1946
1998 1955
2000 665
2000 753
2000 1112
2001 1808
2002 1141
2003 509
2003 565
2003 927
2003 1422
2004 693
2005 614
2005 984
2005 1467
2005 1966
2005 1969
2005 1970
2006 1467
2006 1966
2006 1969
2006 1970
2006 2005
2007 575
2007 705
2007 1141
2007 1808
2007 1973
2008 693
2008 872
2008 901
2008 1112
2008 1809
2008 1976
2009 852
2009 935
2009 1695
2010 693
2010 994
2010 996
2010 1007
2010 1966
2011 733
2011 1126
2012 705
2012 1112
2012 1141
2012 1808
2012 1973
2014 933
2014 1141
2014 2013
2015 98
2015 711
2015 868
2015 878
2015 1112
2015 1687
2015 1907
2016 1607
2018 1744
2020 1335
2021 270
2021 313
2021 317
2021 349
2021 398
2021 1335
2021 2017
2022 2017
2022 2020
2023 1801
2024 1801
2024 2023
2025 542
2025 555
2026 542
2026 555
2026 2025
2028 1063
2029 617
2029 894
2029 1104
2030 617
2030 1059
2030 1060
2030 1065
2030 1068
2030 1101
2030 1111
2030 2029
2031 89
2031 1063
2031 1102
2031 1159
2031 1737
2031 2028
2031 2030
2032 84
2032 1247
2034 945
2036 89
2036 315
2036 525
2036 558
2036 611
2036 945
2036 1214
2036 1217
2036 1235
2036 1341
2036 1459
2036 1941
2036 2033
2036 2034
2036 2035
2037 1235
2037 1941
2037 2036
2038 2036
2039 89
2039 738
2039 1217
2039 2034
2039 2036
2040 1578
2040 2034
2040 2036
2040 2039
2041 2036
2041 2039
2042 1108
2042 1131
2042 1661
2043 1843
2044 306
2045 1808
2045 1968
2046 1188
2046 1787
2046 1795
2047 168
2047 868
2047 1398
2048 1063
2048 1114
2048 1161
2049 152
2049 1349
2049 1350
2050 1093
2050 1094
2051 1795
2052 1278
2052 1292
2052 1321
2052 1409
2053 1615
2053 1689
2053 1690
2054 379
2054 1702
2055 1341
2055 1383
2055 1396
2055 1400
2055 1405
2055 1406
2056 1091
2056 1383
2056 1400
2056 1405
2056 1406
2056 2055
2057 1144
2057 1681
2057 1741
2058 1681
2058 2057
2059 1837
2060 1
2060 2
2060 1060
2060 1123
2060 1129
2060 1558
2060 1575
2060 1864
2061 84
2061 103
2061 189
2061 1787
2062 300
2062 336
2064 1393
2065 508
2065 518
2066 1100
2066 1188
2066 1559
2066 2046
2067 1875
2068 816
2068 886
2069 634
2069 915
2070 24
2070 670
2070 1276
2070 1289
2070 1315
2070 1339
2070 1366
2070 1746
2070 1747
2071 557
2071 565
2071 743
2071 1017
2071 1516
2075 1213
2075 1234
2078 1517
2078 1787
2078 2073
2079 1844
2079 1846
2079 1848
2080 96
2080 1426
2080 1473
2081 2080
2082 347
2083 236
2083 302
2083 303
2083 355
2083 1933
2085 1307
2087 89
2087 968
2087 1091
2088 1254
2088 1272
2088 1285
2088 1341
2088 1367
2088 1480
2089 1480
2090 1036
2090 1422
2091 1036
2091 1944
2091 2090
2092 1126
2092 1809
2094 1803
2095 1258
2095 1300
2095 1385
2095 1393
2095 1583
2095 1653
2095 1710
2095 2093
2096 2094
2097 720
2098 1983
2099 1725
2100 5
2100 862
2100 907
2100 995
2100 1091
2100 1136
2100 1159
2100 1167
2100 1168
2100 1171
2100 1174
2100 1191
2100 1195
2100 1450
2100 1456
2100 1659
2100 1737
2101 892
2102 611
2102 636
2102 1792
2103 1386
2103 1464
2104 89
2104 582
2104 1046
2104 1450
2104 2100
2105 315
2105 525
2105 530
2105 581
2105 758
2106 249
2107 315
2107 1013
2107 2036
2108 627
2108 907
2108 968
2108 1124
2108 1450
2108 1708
2108 1738
2108 2087
2108 2100
2109 862
2109 1103
2109 1107
2109 1450
2109 1456
2109 1656
2109 2107
2110 17
2110 2108
2111 507
2111 547
2111 556
2111 562
2111 589
2111 634
2111 1171
2111 1206
2111 1391
2111 1445
2111 1450
2111 1456
2111 1465
2111 1466
2111 1708
2111 2104
2112 582
2112 942
2112 1393
2113 1131
2113 1450
2113 2100
2113 2107
2114 525
2114 556
2114 611
2114 1450
2114 2031
2114 2100
2114 2108
2114 2111
2115 17
2115 1433
2115 1450
2115 2108
2115 2111
2116 9
2116 17
2116 89
2116 315
2116 383
2116 394
2116 507
2116 525
2116 556
2116 558
2116 562
2116 611
2116 690
2116 732
2116 744
2116 750
2116 758
2116 774
2116 885
2116 971
2116 999
2116 1057
2116 1061
2116 1068
2116 1131
2116 1196
2116 1206
2116 1261
2116 1309
2116 1341
2116 1388
2116 1450
2116 1460
2116 1464
2116 1480
2116 1653
2116 1656
2116 1657
2116 1660
2116 1673
2116 1710
2116 1818
2116 1822
2116 1835
2116 1839
2116 2036
2116 2042
2116 2104
2116 2105
2116 2107
2116 2109
2116 2110
2116 2111
2116 2113
2116 2115
2117 556
2117 1450
2117 2111
2117 2114
2118 89
2118 942
2118 995
2118 1120
2118 1159
2118 1191
2118 1450
2118 2100
2119 1450
2120 582
2120 1013
2120 1098
2120 1253
2120 1450
2120 1749
2120 1795
2120 2042
2120 2107
2120 2109
2120 2116
2121 2100
2121 2113
2122 5
2122 216
2122 295
2122 525
2122 558
2122 744
2122 1013
2122 1063
2122 1120
2122 1159
2122 1261
2122 1309
2122 1450
2122 1456
2122 1459
2122 1749
2122 1795
2122 2036
2122 2107
2122 2108
2122 2109
2122 2111
2122 2113
2122 2116
2122 2120
2124 1059
2124 1070
2124 1076
2124 1123
2124 1640
2125 245
2125 884
2125 1159
2127 1948
2128 1946
2128 2127
2129 968
2129 1195
2130 17
2130 1341
2130 1364
2130 1374
2130 1399
2130 1404
2130 1434
2130 2041
2130 2064
2130 2115
2131 1278
2132 506
2132 803
2132 807
2132 897
2132 965
2132 991
2132 1149
2132 1444
2132 1447
2132 1929
2133 900
2133 1152
2133 1194
2133 1422
2134 730
2134 1787
2135 765
2135 1393
2135 2111
2135 2112
2136 1057
2136 1060
2136 1068
2136 1185
2136 2060
2137 1096
2139 1422
2140 627
2140 698
2140 962
2140 1450
2140 1456
2140 2074
2140 2120
2140 2130
2140 2138
2141 189
2141 903
2142 1999
2143 627
2143 907
2143 2140
2144 236
2144 410
2145 705
2145 719
2145 733
2145 1112
2145 1752
2145 1808
2145 1955
2145 2014
2146 803
2147 1803
2148 2116
2149 420
2149 1548
2150 86
2152 1093
2152 1094
2152 2151
2153 1933
2154 420
2154 464
2155 942
2155 1456
2155 2140
2156 1837
2157 367
2158 98
2159 1837
2160 110
2160 369
2160 472
2161 1803
2162 2161
2163 1109
2163 2161
2163 2162
2164 241
2164 1109
2164 1200
2164 2161
2164 2162
2164 2163
2165 1762
2165 1763
2165 1769
2165 1790
2166 1787
2167 1261
2167 1341
2167 2036
2167 2113
2167 2116
2169 2116
2169 2167
2170 1
2171 1
2171 1057
2171 1058
2171 1059
2171 1060
2171 1068
2171 1070
2171 1121
2171 1125
2171 1156
2171 1185
2171 1190
2171 1558
2171 2060
2171 2124
2171 2136
2172 1914
2173 1916
2174 85
2174 788
2174 924
2175 711
2175 868
2175 878
2175 1397
2175 1457
2175 2015
2175 2140
2176 1102
2176 2015
2177 1725
2178 1969
2179 693
2179 867
2179 1980
2180 76
2180 362
2180 459
2180 2044
2182 426
2182 466
2183 426
2183 433
2183 446
2183 461
2183 462
2183 493
2185 1023
2185 1693
2185 1695
2186 693
2186 867
2187 693
2187 897
2188 1079
2189 693
2189 927
2189 1022
2189 1023
2189 2053
2189 2181
2190 695
2190 852
2190 927
2190 1022
2190 1023
2190 1127
2190 1628
2190 1695
2190 2189
2191 696
2191 1023
2192 693
2193 693
2193 1023
2194 693
2194 699
2194 1618
2194 2193
2195 197
2196 557
2197 1402
2197 1837
2197 2059
2197 2156
2197 2159
2198 557
2200 1673
2201 1578
2202 2122
2204 1103
2204 1220
2204 1228
2204 1391
2204 1528
2204 1529
2205 738
2205 1208
2205 1214
2205 1217
2206 1459
2206 1655
2206 2135
2207 1803
2208 1199
2208 1289
2208 1366
2209 249
2210 11
2210 729
2210 765
2210 1046
2210 1120
2210 1293
2210 1309
2210 1348
2210 1535
2210 1793
2210 1795
2210 1803
2210 1818
2210 1967
2210 2038
2210 2051
2210 2064
2210 2112
2210 2116
2210 2135
2211 1215
2212 1795
2213 773
2213 1820
2214 1266
2214 1331
2214 1341
2214 1388
2214 1393
2214 1399
2214 1605
2215 1795
2216 17
2216 24
2216 193
2216 674
2216 1268
2216 1289
2216 1366
2216 1379
2216 1382
2216 1612
2216 1731
2216 1736
2216 1796
2217 1254
2217 1793
2217 2214
2217 2216
2218 53
2218 71
2218 1439
2218 1968
2219 225
2219 234
2219 246
2219 337
2220 241
2220 1707
2221 236
2221 375
2221 795
2222 377
2223 377
2224 241
2224 566
2225 1265
2226 1327
2226 1519
2227 566
2227 1817
2229 875
2230 1102
2230 1107
2230 1139
2230 1164
2230 1178
2230 1194
2230 1197
2230 1907
2230 2077
2231 719
2231 843
2233 241
2234 264
2235 264
2235 308
2235 410
2235 1700
2235 1702
2236 1812
2236 1955
2237 852
2237 1695
2238 796
2238 2237
2239 2238
2240 628
2240 745
2240 796
2240 797
2240 852
2240 932
2240 939
2240 1000
2240 1014
2240 1586
2240 1696
2240 2238
2240 2239
2241 0
2241 1474
2241 1581
2241 1669
2242 1255
2242 1474
2242 1582
2242 2241
2243 1669
2244 1268
2244 1282
2244 1308
2244 1582
2244 1583
2244 1668
2244 1672
2245 1251
2245 1282
2245 1477
2246 1255
2246 1472
2246 1582
2247 1308
2247 1313
2247 1477
2247 1581
2249 1955
2250 1422
2250 1842
2250 1877
2250 1965
2250 1974
2251 2250
2252 2248
2253 1946
2253 1951
2253 1955
2253 2250
2254 726
2254 1014
2254 1695
2255 1844
2255 1848
2255 1946
2255 2248
2255 2252
2256 726
2256 1014
2256 1695
2256 2240
2257 726
2257 852
2257 1014
2257 1695
2257 2254
2257 2256
2259 33
2259 43
2259 62
2259 70
2259 73
2259 93
2259 101
2259 125
2259 133
2259 160
2259 173
2259 178
2259 203
2259 204
2259 206
2259 207
2259 209
2259 210
2259 211
2259 212
2259 213
2259 214
2259 219
2259 220
2259 221
2259 222
2259 223
2259 225
2259 229
2259 231
2259 232
2259 234
2259 235
2259 236
2259 237
2259 238
2259 240
2259 241
2259 249
2259 252
2259 254
2259 255
2259 256
2259 257
2259 258
2259 260
2259 261
2259 262
2259 263
2259 264
2259 267
2259 268
2259 270
2259 273
2259 274
2259 276
2259 280
2259 281
2259 282
2259 283
2259 284
2259 286
2259 289
2259 290
2259 291
2259 293
2259 294
2259 296
2259 297
2259 298
2259 299
2259 300
2259 301
2259 302
2259 306
2259 307
2259 308
2259 310
2259 311
2259 313
2259 315
2259 316
2259 317
2259 318
2259 319
2259 320
2259 321
2259 322
2259 324
2259 326
2259 328
2259 329
2259 330
2259 331
2259 335
2259 336
2259 339
2259 341
2259 342
2259 343
2259 346
2259 347
2259 348
2259 349
2259 351
2259 356
2259 357
2259 360
2259 362
2259 364
2259 366
2259 368
2259 372
2259 373
2259 375
2259 376
2259 377
2259 378
2259 381
2259 382
2259 385
2259 387
2259 388
2259 389
2259 391
2259 393
2259 394
2259 396
2259 397
2259 398
2259 399
2259 400
2259 401
2259 402
2259 405
2259 408
2259 410
2259 414
2259 418
2259 430
2259 433
2259 441
2259 445
2259 446
2259 447
2259 449
2259 450
2259 454
2259 462
2259 466
2259 468
2259 469
2259 473
2259 474
2259 475
2259 484
2259 486
2259 488
2259 491
2259 495
2259 497
2259 499
2259 502
2259 586
2259 654
2259 657
2259 710
2259 716
2259 739
2259 740
2259 782
2259 788
2259 789
2259 794
2259 870
2259 928
2259 947
2259 948
2259 976
2259 983
2259 986
2259 1103
2259 1415
2259 1420
2259 1435
2259 1440
2259 1441
2259 1452
2259 1489
2259 1510
2259 1518
2259 1519
2259 1521
2259 1548
2259 1554
2259 1601
2259 1626
2259 1649
2259 1705
2259 1710
2259 1818
2259 1820
2259 1851
2259 1871
2259 1872
2259 1875
2259 1901
2259 1902
2259 1933
2259 1934
2259 1995
2259 2062
2259 2063
2259 2122
2259 2153
2259 2154
2259 2160
2259 2183
2259 2184
2259 2226
2259 2235
2261 1251
2261 1313
2261 1320
2261 1550
2262 881
2262 987
2263 786
2263 1725
2264 698
2264 1195
2264 1422
2265 2260
2266 1109
2267 1422
2267 1456
2267 2108
2268 693
2268 1112
2269 111
2269 1602
2269 2199
2270 2210
2271 639
2271 1736
2271 2270
2272 1736
2273 1456
2273 2115
2273 2117
2274 525
2274 907
2274 1159
2274 1195
2274 1456
2274 1732
2274 2116
2274 2117
2275 353
2275 907
2275 1195
2276 1736
2276 2270
2276 2272
2277 1736
2277 1792
2277 2270
2277 2272
2277 2276
2278 1792
2278 2270
2279 5
2279 907
2279 995
2279 1159
2279 1195
2279 1456
2279 1738
2279 2100
2279 2118
2280 5
2280 907
2280 995
2280 1159
2280 1195
2280 1456
2280 1738
2280 2100
2280 2118
2281 1695
2282 628
2282 719
2282 726
2282 852
2282 1691
2282 1695
2282 2240
2283 718
2283 799
2283 2231
2284 851
2285 1115
2286 293
2286 469
2286 470
2286 649
2286 981
2286 2259
2287 1512
2288 2285
2289 2286
2290 293
2290 1492
2291 125
2291 2289
2292 470
2292 2259
2292 2286
2292 2288
2292 2291
2293 1115
2293 2292
2294 2130
2295 368
2295 924
2296 85
2296 788
2297 309
2297 493
2298 894
2298 1364
2298 1374
2299 1374
2299 2298
2300 2197
2301 160
2301 544
2301 571
2301 584
2301 614
2301 616
2301 704
2301 1155
2301 1157
2301 1463
2301 1728
2301 1729
2302 1016
2302 1060
2302 1079
2302 1169
2302 1172
2302 1190
2302 1468
2302 1996
2302 2197
2303 2197
2304 180
2304 1467
2304 1969
2304 2005
2304 2301
2305 180
2305 569
2305 571
2305 572
2305 575
2305 584
2305 614
2305 1467
2305 1969
2305 1972
2305 2301
2306 2
2306 541
2306 562
2306 565
2306 575
2306 589
2306 2305
2307 594
2307 599
2307 602
2307 623
2308 1498
2309 594
2309 602
2309 1499
2309 2307
2310 1787
2311 96
2311 614
2311 704
2311 2301
2312 2116
2313 555
2313 557
2313 564
2313 565
2313 569
2313 589
2313 693
2313 1112
2313 1467
2313 1808
2313 1969
2314 242
2314 347
2314 440
2314 2259
2316 910
2316 924
2316 1092
2316 1423
2317 249
2317 326
2317 359
2317 2259
2318 1709
2318 1711
2318 1712
2320 751
2320 2319
2321 1455
2322 33
2322 86
2322 96
2322 100
2322 607
2322 610
2322 1021
2322 1421
2322 1426
2322 1506
2322 1787
2322 2080
2323 946
2324 49
2324 86
2324 123
2324 189
2324 538
2324 1721
2325 33
2325 35
2325 51
2325 81
2325 86
2325 89
2325 106
2325 129
2325 147
2325 184
2325 201
2325 459
2325 607
2325 610
2325 1408
2325 1426
2325 1473
2325 1483
2325 1506
2325 1890
2325 2218
2325 2322
2326 610
2327 45
2327 49
2327 50
2327 57
2327 86
2327 123
2327 162
2327 201
2328 45
2328 49
2328 57
2328 86
2328 2327
2329 877
2329 1714
2330 2329
2331 1040
2331 1044
2332 1140
2332 1219
2332 1229
2332 1241
2332 1530
2332 1544
2333 1724
2334 565
2334 619
2334 1488
2334 1763
2334 1775
2335 1223
2336 703
2336 908
2336 1236
2336 1540
2336 2332
2337 698
2337 1103
2337 1230
2337 1713
2337 2206
2338 729
2338 1046
2338 1159
2338 1174
2338 1296
2338 2109
2338 2111
2338 2116
2338 2210
2338 2299
2339 1174
2339 1551
2339 1707
2339 1860
2339 2210
2340 237
2340 410
2340 2259
2341 1049
2341 1059
2341 1190
2342 261
2342 898
2343 189
2343 1122
2343 1416
2343 1787
2343 1802
2343 1945
2344 84
2344 128
2344 189
2344 656
2344 780
2344 818
2344 927
2344 1013
2344 1020
2344 1122
2344 1127
2344 1154
2344 1416
2344 1578
2344 1879
2345 189
2345 1434
2345 1490
2345 1805
2345 2130
2345 2344
2346 59
2346 189
2346 1787
2347 26
2347 27
2347 29
2347 33
2347 43
2347 50
2347 59
2347 66
2347 77
2347 82
2347 100
2347 106
2347 107
2347 113
2347 159
2347 163
2347 171
2347 183
2347 493
2347 539
2347 730
2347 1485
2347 1759
2347 1787
2347 2346
2348 1114
2348 1159
2349 5
2349 315
2349 525
2349 530
2349 558
2349 611
2349 758
2349 868
2349 1063
2349 1107
2349 1175
2349 1261
2349 1309
2349 1354
2349 2036
2349 2060
2349 2105
2349 2110
2349 2113
2349 2116
2349 2120
2349 2122
2349 2130
2349 2230
2349 2264
2349 2274
2350 2259
2351 2283
2352 1974
2353 1381
2353 2105
2353 2116
2354 33
2354 84
2354 86
2354 189
2354 202
2354 1787
2354 2061
2354 2150
2355 189
2355 1787
2355 2354
2356 1063
2357 26
2357 100
2357 1787
2359 36
2359 84
2359 1787
2359 1788
2360 59
2360 77
2360 1787
2360 2044
2361 59
2361 168
2361 189
2361 1381
2361 1787
2362 710
2362 1018
2363 33
2363 50
2363 103
2363 106
2363 189
2363 191
2363 195
2363 730
2363 1485
2363 1678
2363 1759
2363 1787
2363 2347
2364 1020
2364 1399
2364 1434
2364 1490
2364 1678
2364 1759
2364 1796
2364 2003
2364 2130
2364 2344
2365 89
2368 683
2368 684
2368 1021
2368 1724
2369 54
2369 82
2369 190
2369 1563
2369 1787
2370 1789
2371 2309
2372 645
2372 1009
2372 1060
2372 1828
2372 1993
2373 1680
2373 2031
2374 17
2374 93
2374 354
2374 383
2374 611
2374 894
2374 1296
2374 1309
2374 1341
2374 1375
2374 1376
2374 1377
2374 1378
2374 1380
2374 1388
2374 1480
2374 1818
2374 2042
2374 2116
2374 2122
2374 2125
2374 2148
2374 2167
2374 2216
2374 2349
2374 2353
2375 594
2375 1499
2376 565
2377 135
2378 96
2378 1426
2378 1473
2378 2080
2379 1251
2379 1356
2379 1557
2379 1665
2380 240
2380 1423
2380 2316
2381 205
2381 236
2381 311
2381 2259
2382 371
2382 1423
2382 1934
2382 2295
2382 2316
2382 2380
2383 221
2383 236
2383 347
2383 2157
2384 1146
2385 902
2385 1046
2385 2161
2386 605
2386 894
2386 1374
2386 1858
2386 2298
2387 565
2387 1146
2387 2384
2388 605
2388 660
2388 894
2388 1296
2388 1374
2388 2298
2388 2299
2388 2376
2389 535
2389 605
2389 660
2389 894
2389 1296
2389 1374
2389 2298
2389 2299
2389 2376
2389 2386
2389 2388
2390 362
2390 555
2390 1046
2390 1079
2390 1097
2390 1138
2390 1153
2390 1179
2390 1494
2390 1504
2390 1737
2390 2228
2390 2232
2391 315
2391 693
2392 912
2393 20
2393 252
2393 315
2393 634
2393 654
2393 814
2393 912
2393 931
2393 1031
2393 1037
2393 1452
2393 1475
2393 2392
2394 1031
2394 1037
2394 1475
2394 2393
2395 931
2395 1475
2395 2393
2396 1252
2397 1250
2397 1316
2397 1581
2397 1582
2397 1583
2397 1675
2397 2095
2398 1556
2398 1582
2398 2397
2399 365
2399 1258
2399 1259
2399 1260
2399 1285
2399 1316
2399 1675
2400 1120
2400 1152
2400 1795
2400 1803
2400 1822
2400 1827
2400 1828
2400 1832
2400 2020
2400 2210
2401 163
2401 729
2401 1120
2401 1261
2401 1346
2401 1445
2401 1450
2401 1560
2401 1606
2401 1708
2401 1792
2401 1803
2401 1828
2401 1830
2401 2102
2401 2210
2401 2365
2401 2400
2402 17
2402 315
2402 500
2402 654
2402 1075
2402 1148
2402 1152
2402 1278
2402 1286
2402 1292
2402 1341
2402 1380
2402 1384
2402 1385
2402 1387
2402 1389
2402 1390
2402 1392
2402 1393
2402 1396
2402 1399
2402 1400
2402 1402
2402 1404
2402 1405
2402 1406
2402 1407
2402 1450
2402 1464
2402 1736
2402 1791
2402 1835
2402 2104
2402 2110
2402 2203
2403 946
2403 2401
2404 946
2404 2197
2404 2323
2404 2403
2405 1120
2405 1738
2405 1803
2405 2401
2406 929
2406 2403
2406 2404
2407 554
2407 812
2407 946
2407 994
2407 996
2407 1007
2407 1151
2407 1837
2407 1969
2407 2059
2407 2084
2407 2159
2407 2197
2407 2302
2407 2323
2407 2404
2408 2197
2408 2402
2409 204
2409 207
2409 2259
2410 248
2410 350
2410 2259
2410 2409
2411 222
2411 873
2411 1787
2412 125
2412 220
2412 469
2412 470
2412 2259
2412 2292
2413 1237
2413 1699
2414 738
2414 1046
2414 1201
2414 1699
2415 1254
2415 1385
2416 1064
2416 1699
2417 1730
2418 1146
2419 282
2419 557
2419 2135
2419 2210
2419 2418
2420 282
2420 942
2420 1146
2420 1181
2420 1803
2420 2100
2420 2118
2420 2210
2420 2339
2421 1146
2422 1146
2422 2417
2423 1730
2424 1146
2424 2417
2425 1146
2425 2417
2425 2422
2426 1637
2427 744
2427 1823
2428 2071
2429 1224
2429 1481
2429 1533
2429 1542
2430 2
2430 1038
2430 1060
2430 2313
2431 1056
2431 1073
2432 88
2432 189
2433 1109
2433 1426
2434 1637
2434 2407
2435 1933
2435 2259
2436 2259
2437 472
2437 1601
2437 1933
2438 237
2438 499
2438 1601
2438 2259
2439 852
2439 1695
2439 1979
2440 270
2440 349
2442 2441
2443 2019
2443 2441
2444 2197
2445 55
2445 109
2446 2163
2446 2164
2448 47
2448 94
2448 122
2448 123
2448 126
2448 188
2448 2446
2448 2447
2449 629
2450 588
2450 719
2450 1752
2451 1467
2452 1740
2453 9
2453 1101
2453 1802
2453 2116
2454 35
2454 129
2454 147
2454 1013
2454 1046
2454 1101
2454 1109
2454 1116
2454 1802
2454 2116
2455 1636
2456 935
2456 975
2456 997
2456 1008
2456 1036
2456 1628
2456 1753
2456 1758
2458 326
2458 378
2458 413
2458 429
2458 433
2458 441
2458 452
2458 466
2458 1902
2458 2259
2459 326
2459 2259
2460 1067
2460 1109
2460 1111
2460 1116
2460 1117
2460 1142
2461 593
2461 594
2461 597
2461 602
2461 1499
2461 1505
2462 595
2462 597
2463 550
2463 618
2465 1254
2465 1332
2465 2464
2466 437
2466 482
2467 274
2467 2259
2469 2468
2470 198
2470 292
2470 323
2470 401
2470 438
2470 456
2470 460
2470 477
2470 478
2470 924
2470 948
2470 1092
2470 1184
2470 1517
2470 2259
2470 2315
2471 1749
2471 1787
2472 828
2472 1603
2473 828
2473 874
2473 1695
2474 828
2474 2472
2475 2472
2475 2473
2476 273
2476 1060
2476 1169
2477 735
2478 1270
2479 2215
2480 1516
2480 1653
2480 2069
2480 2479
2481 678
2481 1093
2481 1094
2481 1103
2481 1107
2481 1198
2481 1208
2481 1227
2481 1233
2481 1266
2481 1384
2481 1385
2481 1387
2481 1393
2481 1450
2481 1535
2481 1655
2481 1663
2481 1941
2481 2204
2481 2207
2481 2215
2481 2216
2481 2227
2481 2479
2481 2480
2482 1310
2482 1582
2483 33
2483 41
2483 42
2483 46
2483 47
2483 48
2483 52
2483 53
2483 54
2483 56
2483 65
2483 70
2483 72
2483 73
2483 75
2483 82
2483 84
2483 88
2483 91
2483 93
2483 102
2483 112
2483 117
2483 130
2483 140
2483 145
2483 155
2483 163
2483 176
2483 177
2483 183
2483 189
2483 191
2483 195
2483 198
2483 199
2483 215
2483 239
2483 298
2483 739
2483 756
2483 762
2483 817
2483 860
2483 910
2483 1006
2483 1012
2483 1021
2483 1153
2483 1411
2483 1431
2483 1432
2483 1437
2483 1439
2483 1563
2483 1718
2483 1787
2483 1806
2483 1891
2483 1892
2483 1968
2483 2061
2483 2072
2483 2073
2483 2287
2483 2354
2483 2355
2484 662
2484 780
2484 818
2484 1021
2484 1645
2484 1724
2484 2368
2485 737
2486 566
2486 1199
2486 1793
2486 2216
2486 2402
2487 566
2487 902
2487 1195
2487 1199
2487 1390
2487 1514
2487 1793
2487 2108
2487 2402
2487 2420
2487 2486
2488 602
2488 2307
2488 2309
2489 1455
2489 1802
2490 934
2491 1831
2491 2401
2492 1828
2492 1829
2492 2400
2493 361
2493 2259
2494 363
2494 1824
2494 2382
2495 645
2495 736
2495 839
2495 903
2496 1831
2496 2495
2497 645
2497 736
2497 839
2497 903
2497 2495
2497 2496
2498 1121
2498 1185
2498 2060
2498 2136
2499 1070
2499 1640
2499 2124
2499 2171
2500 1113
2500 1558
2500 2124
2500 2136
2500 2499
2501 2339
2502 1058
2502 1059
2502 1065
2502 1104
2502 1111
2502 1121
2502 1190
2502 2030
2502 2060
2502 2136
2502 2171
2503 1637
2503 1680
2503 2057
2504 46
2504 325
2504 369
2504 672
2504 699
2504 719
2504 749
2504 808
2504 843
2504 851
2504 854
2504 855
2504 905
2504 935
2504 980
2504 1010
2504 1030
2504 1595
2504 1596
2504 1599
2504 1600
2504 1603
2504 1682
2504 1683
2504 1698
2504 1873
2504 1876
2504 1879
2504 1937
2504 1940
2504 1968
2504 2351
2504 2366
2504 2367
2504 2473
2505 643
2505 854
2505 855
2505 1010
2506 643
2506 853
2506 2505
2507 2505
2508 852
2508 2240
2509 951
2509 1019
2509 2240
2510 2407
2511 337
2511 1085
2511 1135
2511 1531
2511 1540
2511 1542
2511 2215
2511 2336
2511 2349
2512 2511
2513 524
2513 1202
2513 1731
2513 1736
2513 2109
2513 2122
2513 2216
2513 2374
2513 2480
2514 1199
2515 1841
2516 375
2516 1650
2517 663
2518 1795
2518 1803
2519 1929
2520 1049
2520 2030
2521 1121
2521 1123
2521 2060
2521 2498
2522 89
2522 746
2522 818
2522 842
2522 845
2522 899
2522 1737
2522 1840
2522 2258
2523 1787
2524 2522
2525 234
2525 2259
2526 323
2527 1246
2529 1103
2529 1230
2529 1246
2529 1391
2529 2211
2529 2528
2530 1215
2530 1246
2530 2211
2530 2528
2530 2529
2531 741
2531 911
2532 1914
2533 1422
2533 2250
2534 1074
2534 1121
2534 1156
2534 2060
2534 2171
2534 2498
2534 2500
2534 2502
2535 1074
2535 1185
2535 2171
2535 2498
2535 2521
2535 2534
2536 1058
2536 1121
2536 2498
2536 2534
2536 2535
2537 236
2537 2259
2538 84
2538 1545
2539 1345
2539 1943
2540 1385
2540 2168
2541 922
2542 2252
2542 2255
2543 1199
2543 1385
2543 1793
2543 2095
2543 2216
2543 2402
2543 2481
2544 1107
2544 1131
2544 1209
2544 1211
2544 1385
2544 1393
2545 848
2545 856
2545 1120
2545 1124
2545 1132
2545 1385
2545 1802
2545 1803
2545 2339
2545 2385
2545 2480
2546 353
2546 995
2546 2095
2547 89
2547 548
2547 562
2547 589
2547 611
2547 1171
2547 1174
2547 1402
2547 1450
2547 1708
2547 2100
2547 2111
2547 2114
2547 2121
2547 2122
2547 2267
2547 2273
2547 2274
2547 2402
2547 2481
2548 874
2548 1195
2548 1604
2548 2108
2548 2545
2549 848
2549 1124
2549 2188
2549 2339
2549 2481
2549 2545
2550 507
2550 525
2550 530
2550 581
2550 589
2550 611
2550 1737
2550 2031
2550 2108
2550 2111
2550 2114
2550 2402
2550 2481
2550 2545
2550 2549
2551 1384
2551 2481
2552 1199
2552 1385
2552 1793
2552 2095
2552 2216
2552 2402
2552 2481
2553 2481
2554 1453
2554 2130
2555 2000
2556 1112
2556 2142
2556 2554
2557 2000
2557 2142
2557 2554
2558 1139
2558 1152
2558 1793
2558 2216
2558 2402
2559 2481
2560 1046
2560 1456
2560 2111
2560 2374
2560 2402
2560 2481
2561 862
2561 888
2563 2545
2563 2548
2563 2560
2564 1196
2565 1199
2565 1385
2565 1793
2565 2095
2565 2216
2565 2402
2565 2481
2567 1103
2567 1198
2567 1208
2567 1233
2567 1535
2567 1536
2567 1654
2567 1655
2567 1803
2567 2207
2567 2549
2567 2564
2568 128
2568 686
2568 1220
2568 1246
2568 1802
2568 2211
2568 2343
2568 2345
2568 2528
2568 2529
2568 2530
2568 2566
2569 2568
2570 507
2570 556
2570 562
2570 581
2570 589
2570 611
2570 1354
2570 2117
2570 2122
2570 2547
2570 2550
2571 558
2571 902
2571 1402
2571 2116
2571 2273
2571 2274
2571 2374
2571 2402
2572 1139
2572 1152
2573 89
2573 968
2573 1139
2573 1152
2573 1159
2573 1191
2573 1374
2573 1457
2573 1708
2573 1861
2573 2125
2573 2227
2573 2279
2573 2280
2573 2481
2573 2487
2573 2568
2573 2572
2574 1551
2574 2118
2574 2481
2574 2573
2575 674
2575 773
2575 806
2575 856
2575 888
2575 1093
2575 1094
2575 1115
2575 1204
2575 1707
2575 1804
2575 2069
2575 2210
2575 2270
2575 2272
2575 2276
2575 2277
2575 2278
2576 995
2576 1385
2576 2420
2576 2481
2576 2572
2577 1195
2577 2100
2577 2108
2577 2279
2577 2280
2577 2545
2577 2548
2577 2549
2578 1199
2578 1385
2578 1793
2578 2095
2578 2216
2578 2402
2578 2481
2579 1866
2580 512
2580 2579
2581 666
2581 2504
2582 684
2582 1573
2583 684
2584 1865
2585 602
2586 2111
2587 2036
2587 2113
2587 2116
2587 2312
2587 2349
2587 2374
2588 1314
2588 1321
2589 1278
2589 1306
2589 1333
2589 1345
2590 1306
2590 1333
2590 1334
2590 2086
2591 214
2593 2591
2594 858
2594 2591
2594 2593
2595 2593
2595 2594
2596 2594
2597 214
2597 2591
2597 2592
2597 2593
2597 2594
2597 2596
2598 214
2598 2591
2598 2592
2598 2593
2598 2594
2598 2596
2598 2597
2599 2598
2600 45
2600 94
2600 863
2600 943
2600 990
2600 1885
2600 1890
2600 1966
2600 2005
2600 2333
2601 930
2601 2456
2602 628
2602 852
2602 1695
2602 2240
2603 315
2603 758
2603 2116
2604 1039
2604 1099
2605 1049
2605 1189
2605 1190
2606 2604
2607 1049
2607 1110
2607 1119
2607 2605
2608 807
2608 1049
2608 1059
2608 1119
2608 2607
2609 1011
2609 1158
2609 1175
2611 1109
2611 1542
2612 1109
2612 1542
2613 2066
2614 59
2614 1272
2614 1484
2615 17
2615 611
2615 968
2615 1052
2615 1075
2615 1309
2615 1341
2615 1402
2615 1835
2615 2349
2616 1803
2616 2100
2616 2111
2616 2385
2616 2560
2616 2615
2617 1325
2618 507
2618 533
2618 548
2618 553
2618 556
2618 557
2618 562
2618 589
2618 611
2618 1402
2618 1445
2618 1450
2618 1456
2618 2100
2618 2111
2618 2117
2618 2121
2618 2122
2618 2274
2618 2547
2618 2550
2618 2586
2618 2615
2618 2616
2619 1527
2619 2448
2619 2617
2619 2618
2620 1309
2620 2116
2620 2120
2621 234
2622 1738
2623 1860
2624 1464
2625 2103
2625 2105
2625 2116
2625 2349
2625 2624
2626 555
2626 580
2627 1024
2628 867
2628 1112
2630 1112
2630 2628
2631 1947
2632 2631
2633 646
2633 673
2633 760
2633 920
2634 2263
2635 2260
2635 2263
2635 2634
2636 1669
2637 2631
2641 2638
2641 2639
2642 953
2642 1177
2642 1448
2643 892
2644 2640
2644 2643
2645 907
2646 700
2646 892
2647 2638
2647 2643
2648 664
2648 926
2648 953
2649 2643
2649 2644
2649 2647
2650 646
2650 2633
2651 2649
2652 731
2653 731
2653 918
2653 989
2654 700
2654 892
2654 2643
2655 1448
2655 2642
2656 2643
2657 691
2657 2638
2657 2645
2658 691
2658 919
2658 920
2658 960
2658 988
2658 1001
2658 2657
2659 731
2661 892
2662 2644
2663 2654
2663 2660
2664 1096
2665 1049
2665 1054
2665 1059
2666 514
2666 1046
2666 1179
2666 1707
2666 1737
2666 1803
2666 2117
2667 2027
2667 2126
2668 693
2668 2504
2669 590
2669 596
2669 1498
2670 596
2670 604
2671 1498
2671 2669
2672 551
2672 557
2672 580
2672 587
2672 1467
2672 1576
2672 1815
2672 1859
2672 1973
2672 1977
2672 2071
2673 264
2673 379
2673 427
2673 637
2674 628
2674 852
2674 2602
2675 1328
2676 1803
2676 2147
2677 295
2677 1206
2677 1231
2677 1258
2677 1288
2677 1328
2677 1465
2677 1466
2677 1472
2677 1581
2677 1582
2677 1653
2677 2095
2677 2259
2677 2397
2677 2398
2678 1803
2678 2147
2678 2676
2679 1803
2679 2147
2680 712
2680 803
2680 965
2680 1149
2680 1444
2680 1447
2680 2008
2680 2132
2681 965
2681 1444
2681 2132
2682 1245
2682 2677
2684 2216
2685 2482
2685 2573
2685 2683
2686 2482
2686 2685
2687 2216
2687 2685
2688 2116
2688 2337
2689 728
2689 835
2689 848
2689 920
2690 1787
2691 1609
2691 2017
2691 2019
2691 2021
2691 2259
2692 1335
2692 2017
2692 2019
2692 2020
2692 2021
2692 2259
2692 2691
2693 1914
2693 2172
2694 1930
2695 2694
2697 17
2697 1314
2697 1328
2697 1345
2697 1486
2697 1754
2697 1853
2697 2696
2698 1257
2698 1304
2698 1653
2698 1667
2698 1754
2698 1939
2698 1943
2698 2076
2698 2131
2698 2358
2698 2457
2698 2562
2698 2564
2698 2610
2698 2696
2698 2697
2699 2696
2699 2697
2699 2698
2700 1107
2700 1131
2700 1180
2700 1197
2700 1201
2700 1209
2700 1210
2700 1211
2700 1212
2700 2015
2700 2230
2700 2513
2701 1079
2701 1138
2701 1606
2701 1643
2701 2065
2701 2188
2701 2390
2702 1446
2702 1973
2702 1977
2703 1060
2704 143
2704 516
2704 807
2704 1039
2704 1040
2704 1042
2704 1043
2704 1044
2704 1047
2704 1048
2704 1050
2704 1058
2704 1059
2704 1060
2704 1070
2704 1072
2704 1074
2704 1078
2704 1080
2704 1085
2704 1087
2704 1088
2704 1101
2704 1104
2704 1164
2704 1189
2704 1558
2704 1569
2704 2266
2704 2345
2704 2390
2704 2608
2704 2703
2705 856
2705 1040
2705 1042
2705 1049
2705 1089
2705 1096
2705 1129
2705 1134
2705 2137
2705 2349
2705 2664
2706 5
2706 514
2706 1060
2706 1159
2706 1168
2706 1190
2706 1192
2706 1195
2706 1803
2706 2210
2706 2705
2707 1063
2707 1181
2708 1239
2708 1533
2708 1541
2708 1653
2708 1801
2708 2164
2708 2446
2709 1063
2709 1150
2709 1159
2709 1180
2709 1197
2709 1201
2709 1743
2709 2028
2709 2700
2710 645
2710 1460
2710 1828
2710 1829
2710 2401
2711 634
2711 670
2711 782
2711 1802
2711 1805
2711 2070
2711 2489
2711 2566
2712 1120
2712 1384
2712 1450
2712 1604
2712 1707
2712 1817
2712 2161
2712 2210
2712 2339
2712 2385
2712 2501
2712 2545
2712 2549
2713 711
2713 2015
2714 59
2714 1787
2714 2347
2715 1399
2715 1434
2715 1678
2715 1743
2715 2003
2715 2345
2715 2364
2716 1444
2716 1825
2716 1826
2716 1929
2716 2372
2716 2401
2717 469
2717 1520
2717 1806
2717 2296
2718 264
2718 1702
2719 420
2720 2140
2721 2059
2721 2156
2721 2159
2721 2197
2721 2407
2722 547
2722 555
2722 556
2722 561
2722 562
2722 589
2722 1292
2722 1445
2722 1450
2722 1456
2722 1792
2722 2104
2722 2107
2722 2111
2722 2113
2722 2115
2722 2116
2722 2117
2722 2400
2723 1764
2727 1955
2728 1955
2728 2727
2730 1947
2730 2631
2732 2731
2734 2065
2735 14
2735 508
2735 542
2735 555
2735 557
2735 565
2735 728
2735 1467
2735 1763
2735 2027
2735 2043
2735 2143
2735 2630
2735 2667
2735 2723
2735 2726
2735 2733
2735 2734
2736 14
2736 555
2736 565
2736 728
2736 1764
2736 2027
2736 2043
2736 2126
2736 2573
2736 2667
2736 2733
2736 2734
2736 2735
2737 2734
2737 2735
2737 2736
2738 14
2738 630
2738 2735
2739 555
2739 565
2739 1467
2739 2726
2739 2733
2739 2734
2739 2735
2740 1914
2741 2734
2741 2735
2741 2736
2741 2739
2742 555
2742 557
2742 608
2742 1146
2742 2299
2742 2386
2742 2389
2742 2667
2742 2724
2742 2733
2742 2734
2742 2735
2742 2736
2742 2737
2742 2739
2742 2740
2742 2741
2743 2742
2744 923
2745 2742
2746 2065
2746 2742
2746 2745
2747 2746
2748 1952
2748 2740
2749 2747
2750 1974
2750 2250
2751 5
2751 14
2751 565
2751 1049
2751 1374
2751 2143
2751 2548
2751 2576
2751 2577
2751 2729
2751 2734
2751 2735
2751 2736
2751 2739
2751 2742
2752 2250
2753 1845
2753 1847
2753 1848
2753 1850
2753 2027
2753 2065
2753 2422
2753 2627
2753 2628
2753 2725
2754 1962
2755 1894
2755 1962
2755 1964
2756 2252
2757 2731
2757 2732
2758 1848
2758 1932
2758 1946
2758 1949
2758 1950
2758 1982
2758 1998
2758 2253
2758 2731
2758 2732
2758 2756
2758 2757
2759 1848
2760 1846
2760 1848
2760 1850
2760 1895
2760 1947
2760 1998
2760 2079
2760 2253
2760 2759
2761 1955
2762 1948
2762 2756
2762 2757
2762 2758
2763 2542
2763 2758
2764 2763
2765 557
2765 608
2765 871
2765 1112
2765 2000
2766 1787
2767 665
2767 753
2767 1193
2767 2766
2768 922
2769 648
2769 665
2769 742
2769 849
2769 858
2769 897
2769 1112
2769 1725
2769 2177
2769 2178
2769 2505
2769 2576
2769 2628
2769 2629
2769 2766
2770 753
2770 2000
2770 2767
2771 665
2771 2767
2772 522
2772 753
2772 2770
2772 2771
2773 665
2773 693
2773 753
2773 754
2773 880
2773 897
2773 922
2773 1422
2773 2284
2773 2533
2773 2767
2773 2768
2773 2770
2773 2771
2774 753
2774 2767
2774 2769
2774 2771
2774 2773
2775 753
2775 2767
2775 2769
2775 2771
2775 2773
2776 1422
2776 2773
2777 754
2777 1422
2777 2767
2777 2770
2777 2771
2778 628
2778 1695
2778 2240
2779 665
2780 2767
2780 2773
2780 2779
2781 665
2781 693
2781 897
2781 2773
2781 2779
2783 353
2783 1801
2785 1666
2786 1344
2786 2785
2787 2784
2787 2786
2788 555
2788 557
2788 2672
2789 1795
2789 1803
2790 1955
2791 1947
2791 2631
2791 2790
2793 256
2793 2259
2793 2382
2794 543
2794 677
2794 693
2794 867
2794 1199
2794 1389
2794 2130
2794 2468
2794 2469
2794 2792
2795 205
2795 256
2795 312
2795 2437
2795 2793
2796 256
2796 501
2796 504
2796 2793
2797 256
2797 284
2797 2437
2797 2793
2798 336
2798 501
2798 504
2798 2796
2799 205
2799 256
2799 1934
2799 2259
2800 256
2800 311
2800 1934
2800 2795
2801 2796
2802 176
2802 199
2802 505
2802 535
2802 634
2802 649
2802 651
2802 672
2802 679
2802 680
2802 688
2802 699
2802 706
2802 707
2802 709
2802 735
2802 747
2802 754
2802 756
2802 757
2802 762
2802 764
2802 791
2802 815
2802 816
2802 838
2802 847
2802 860
2802 913
2802 981
2802 1401
2802 1431
2802 1451
2802 1461
2802 1574
2802 1594
2802 1595
2802 1596
2802 1598
2802 1599
2802 1600
2802 1603
2802 1658
2802 1682
2802 1683
2802 1692
2802 1740
2802 1798
2802 1813
2802 1855
2802 1863
2802 1866
2802 1869
2802 1876
2802 1887
2802 1891
2802 1892
2802 1899
2802 2016
2802 2111
2802 2123
2802 2258
2802 2288
2802 2289
2802 2293
2802 2342
2802 2345
2802 2351
2802 2505
2802 2507
2802 2782
2802 2794
2803 521
2803 1955
2804 1955
2805 639
2805 727
2805 769
2805 809
2806 851
2806 1032
2807 639
2807 2216
2808 198
2808 730
2808 1787
2809 1399
